 # Analytic Function
   0.0000000000000000        0.0000000000000000        1.0000000000000000       -2.0000000000000000     
  0.15789473684210525       0.13483257878266344       0.71910708684087177       -1.5730467524644069     
  0.31578947368421051       0.23027777448165318       0.49893517804358190       -1.2281481305688171     
  0.47368421052631576       0.29496498861209214       0.32773887623565795      -0.95044274108340798     
  0.63157894736842102       0.33584307166141308       0.19590845846915766      -0.72765998859972836     
  0.78947368421052633       0.35848715039566004        9.5596573438842702E-002 -0.54968029727334544     
  0.94736842105263153       0.36735167680704467        2.0408426489280262E-002 -0.40816852978560519     
   1.1052631578947369       0.36597886273532815       -3.4855129784316985E-002 -0.29626860316669418     
   1.2631578947368420       0.35717013447941459       -7.4410444683211341E-002 -0.20834924511299191     
   1.4210526315789473       0.34312696335907245      -0.10166724840268812      -0.13979246655369620     
   1.5789473684210527       0.32556636039696146      -0.11937433214555254       -8.6817696105856379E-002
   1.7368421052631580       0.30581543182921789      -0.12973988016997123       -4.6335671489275421E-002
   1.8947368421052631       0.28488864828955562      -0.13453075058117903       -1.5827147127197572E-002
   2.0526315789473686       0.26355086014868440      -0.13515428725573561        6.7577143627868264E-003
   2.2105263157894739       0.24236857442017509      -0.13272564789676256        2.3082721373350018E-002
   2.3684210526315788       0.22175157792644709      -0.12812313391305830        3.4494689899669528E-002
   2.5263157894736841       0.20198663285973495      -0.12203359068608986        4.2080548512444776E-002
   2.6842105263157894       0.18326467258245741      -0.11498959848311052        4.6714524383763639E-002
   2.8421052631578947       0.16570267753306273      -0.10739988358624436        4.9097089639425995E-002
   3.0000000000000000       0.14936120510359183       -9.9574136735727875E-002   4.9787068367863938E-002
  
  
 # Numeric Derivatives
   0.0000000000000000        1.0000000000000000       0.85393966562353518       0.85393966562353518       0.85393966562353518       0.85393966562353518     
  0.15789473684210525       0.71910708684087177       0.60448623942693502       0.85393966562353518       0.72921295252523510       0.72921295252523510     
  0.31578947368421051       0.49893517804358190       0.40968568949278011       0.60448623942693502       0.50708596445985754       0.49886410923628649     
  0.47368421052631576       0.32773887623565795       0.25889452597903267       0.40968568949278011       0.33429010773590639       0.32768023085212694     
  0.63157894736842102       0.19590845846915766       0.14341249865023070       0.25889452597903267       0.20115351231463169       0.19586012352555229     
  0.78947368421052633        9.5596573438842702E-002   5.6142000605436004E-002  0.14341249865023070        9.9777249627833353E-002   9.5556788160958805E-002
  0.94736842105263153        2.0408426489280262E-002  -8.6944891208713040E-003   5.6142000605436004E-002   2.3723755742282353E-002   2.0375724502431230E-002
   1.1052631578947369       -3.4855129784316985E-002  -5.5788612287452521E-002  -8.6944891208713040E-003  -3.2241550704161917E-002  -3.4881968891794658E-002
   1.2631578947368420       -7.4410444683211341E-002  -8.8940083762166930E-002  -5.5788612287452521E-002  -7.2364348024809733E-002  -7.4432435927757945E-002
   1.4210526315789473      -0.10166724840268812      -0.11121715209336956       -8.8940083762166930E-002 -0.10007861792776825      -0.10168523536991057     
   1.5789473684210527      -0.11937433214555254      -0.12508921426237599      -0.11121715209336956      -0.11815318317787277      -0.11938901541473813     
   1.7368421052631580      -0.12973988016997123      -0.13253629575119436      -0.12508921426237599      -0.12881275500678516      -0.12975184109245319     
   1.8947368421052631      -0.13453075058117903      -0.13513932489218444      -0.13253629575119436      -0.13383781032168940      -0.13454047116339304     
   2.0526315789473686      -0.13515428725573561      -0.13415447628055893      -0.13513932489218444      -0.13464690058637169      -0.13516216677758877     
   2.2105263157894739      -0.13272564789676256      -0.13057431112694401      -0.13415447628055893      -0.13236439370375147      -0.13273201679481883     
   2.3684210526315788      -0.12812313391305830      -0.12517798542251024      -0.13057431112694401      -0.12787614827472712      -0.12812826537301636     
   2.5263157894736841      -0.12203359068608986      -0.11857241508942445      -0.12517798542251024      -0.12187520025596735      -0.12203771031753605     
   2.6842105263157894      -0.11498959848311052      -0.11122596864616631      -0.11857241508942445      -0.11489919186779537      -0.11499289238944245     
   2.8421052631578947      -0.10739988358624436      -0.10349599205331569      -0.11122596864616631      -0.10736098034974101      -0.10736098034974101     
   3.0000000000000000       -9.9574136735727875E-002 -0.10349599205331569      -0.10349599205331569      -0.10349599205331569      -0.10349599205331569     
  
  
 # Numeric 2nd Derivative
   0.0000000000000000       -2.0000000000000000       -1.5798716992451343     
  0.15789473684210525       -1.5730467524644069       -1.5798716992451343     
  0.31578947368421051       -1.2281481305688171       -1.2337368162496469     
  0.47368421052631576      -0.95044274108340798      -0.95501070225373486     
  0.63157894736842102      -0.72765998859972836      -0.73138617308241471     
  0.78947368421052633      -0.54968029727334544      -0.55271315428369983     
  0.94736842105263153      -0.40816852978560519      -0.41063110159994853     
   1.1052631578947369      -0.29626860316669418      -0.29826278005501217     
   1.2631578947368420      -0.20834924511299191      -0.20995931933986015     
   1.4210526315789473      -0.13979246655369620      -0.14108809943094780     
   1.5789473684210527       -8.6817696105856379E-002  -8.7856393737040669E-002
   1.7368421052631580       -4.6335671489275421E-002  -4.7164849429185175E-002
   1.8947368421052631       -1.5827147127197572E-002  -1.6485851226268444E-002
   2.0526315789473686        6.7577143627868264E-003   6.2373745402960730E-003
   2.2105263157894739        2.3082721373350018E-002   2.2674379306228901E-002
   2.3684210526315788        3.4494689899669528E-002   3.4176729461415041E-002
   2.5263157894736841        4.2080548512444776E-002   4.1835278776209982E-002
   2.6842105263157894        4.6714524383763639E-002   4.6527494140634895E-002
   2.8421052631578947        4.9097089639425995E-002   4.8956518421387207E-002
   3.0000000000000000        4.9787068367863938E-002   4.8956518421387207E-002
  
  
